 Total cross sections for (PI+ PI-) photoproduction from one run with 1.6 GeV el ectron beam.
x = E(P=1) IN GEV y = SIG IN MUB
 x1 TO x2    y   +- dy
0.50  0.55  33.85  1.78
0.55  0.60  55.66  1.84
0.60  0.65  70.36  1.77
0.65  0.70  74.98  1.84
0.70  0.75  75.42  1.90
0.75  0.80  72.85  1.91
0.80  0.85  72.52  1.96
0.85  0.90  74.22  2.09
0.90  0.95  75.23  2.30
0.95  1.00  72.60  2.55
1.00  1.05  72.79  2.53
1.05  1.10  72.59  2.56
1.10  1.15  64.33  2.56
1.15  1.20  60.81  2.40
1.20  1.25  57.63  2.39
1.25  1.30  54.62  2.21
1.30  1.35  55.88  2.68
1.35  1.40  54.94  2.39
1.40  1.45  53.49  2.53
