 Total cross section for (PI+ PI-) photoproduction from 4 runs. (3 with 2.8 GeV electron beam and 1 with 2.6 GeV).
 x = E(P=1) IN GEV y = SIG IN MUB
 x1 TO x2    y   +- dtot  +- dstat
1.00  1.10  74.23  3.24  0.23
1.10  1.20  62.24  2.17  0.18
1.20  1.30  57.09  2.54  0.18
1.30  1.40  54.00  1.50  0.18
1.40  1.50  52.56  1.52  0.19
1.50  1.60  50.06  2.03  0.21
1.60  1.70  47.27  2.12  0.20
1.70  1.80  45.08  1.92  0.21
1.80  1.90  42.33  1.90  0.22
1.90  2.00  39.41  2.01  0.20
2.00  2.10  36.63  1.54  0.21
2.10  2.20  32.98  2.98  0.25
2.20  2.30  31.62  1.74  0.19
2.30  2.40  30.14  1.83  0.19
2.40  2.50  29.08  1.49  0.24
2.50  2.60  28.90  0.29  0.29
